#ChipScope Pro Analyzer Project File, Version 3.0
#Tue Sep 17 19:51:59 BRT 2019
mdiAreaHeight=0.6991869918699187
mdiAreaHeightLast=0.6991869918699187
mdiCount=0
navigatorHeight=0.17886178861788618
navigatorHeightLast=0.17886178861788618
navigatorWidth=0.17943548387096775
navigatorWidthLast=0.17943548387096775
signalDisplayPath=0
unit.-1.-1.username=
